<?xml version="1.0" encoding="utf-8" standalone="no"?>
<!DOCTYPE svg PUBLIC "-//W3C//DTD SVG 1.1//EN"
  "http://www.w3.org/Graphics/SVG/1.1/DTD/svg11.dtd">
<svg xmlns:xlink="http://www.w3.org/1999/xlink" width="362.470953pt" height="327.646975pt" viewBox="0 0 362.470953 327.646975" xmlns="http://www.w3.org/2000/svg" version="1.1">
 <metadata>
  <rdf:RDF xmlns:dc="http://purl.org/dc/elements/1.1/" xmlns:cc="http://creativecommons.org/ns#" xmlns:rdf="http://www.w3.org/1999/02/22-rdf-syntax-ns#">
   <cc:Work>
    <dc:type rdf:resource="http://purl.org/dc/dcmitype/StillImage"/>
    <dc:date>2026-07-05T05:52:32.965776</dc:date>
    <dc:format>image/svg+xml</dc:format>
    <dc:creator>
     <cc:Agent>
      <dc:title>Matplotlib v3.9.1, https://matplotlib.org/</dc:title>
     </cc:Agent>
    </dc:creator>
   </cc:Work>
  </rdf:RDF>
 </metadata>
 <defs>
  <style type="text/css">*{stroke-linejoin: round; stroke-linecap: butt}</style>
 </defs>
 <g id="figure_1">
  <g id="patch_1">
   <path d="M 0 327.646975 
L 362.470953 327.646975 
L 362.470953 0 
L 0 0 
z
" style="fill: #ffffff"/>
  </g>
  <g id="axes_1">
   <g id="patch_2">
    <path d="M 264.918595 176.22652 
C 264.918595 162.101564 262.136287 148.113955 256.7309 135.064198 
C 251.325514 122.01444 243.40217 110.156318 233.414318 100.168466 
C 223.426466 90.180614 211.568344 82.25727 198.518587 76.851884 
C 185.468829 71.446497 171.48122 68.664189 157.356265 68.664189 
C 143.231309 68.664189 129.2437 71.446497 116.193943 76.851884 
C 103.144185 82.25727 91.286063 90.180614 81.298211 100.168466 
C 71.310359 110.156318 63.387015 122.01444 57.981629 135.064198 
C 52.576242 148.113955 49.793934 162.101564 49.793934 176.22652 
C 49.793934 190.351476 52.576242 204.339084 57.981629 217.388842 
C 63.387015 230.438599 71.310359 242.296721 81.298211 252.284573 
C 91.286063 262.272425 103.144185 270.195769 116.193943 275.601155 
C 129.2437 281.006542 143.231309 283.78885 157.356265 283.78885 
C 171.48122 283.78885 185.468829 281.006542 198.518587 275.601155 
C 211.568344 270.195769 223.426466 262.272425 233.414318 252.284573 
C 243.40217 242.296721 251.325514 230.438599 256.7309 217.388842 
C 262.136287 204.339084 264.918595 190.351476 264.918595 176.22652 
M 157.356265 176.22652 
C 157.356265 176.22652 157.356265 176.22652 157.356265 176.22652 
C 157.356265 176.22652 157.356265 176.22652 157.356265 176.22652 
C 157.356265 176.22652 157.356265 176.22652 157.356265 176.22652 
C 157.356265 176.22652 157.356265 176.22652 157.356265 176.22652 
C 157.356265 176.22652 157.356265 176.22652 157.356265 176.22652 
C 157.356265 176.22652 157.356265 176.22652 157.356265 176.22652 
C 157.356265 176.22652 157.356265 176.22652 157.356265 176.22652 
C 157.356265 176.22652 157.356265 176.22652 157.356265 176.22652 
C 157.356265 176.22652 157.356265 176.22652 157.356265 176.22652 
C 157.356265 176.22652 157.356265 176.22652 157.356265 176.22652 
C 157.356265 176.22652 157.356265 176.22652 157.356265 176.22652 
C 157.356265 176.22652 157.356265 176.22652 157.356265 176.22652 
C 157.356265 176.22652 157.356265 176.22652 157.356265 176.22652 
C 157.356265 176.22652 157.356265 176.22652 157.356265 176.22652 
C 157.356265 176.22652 157.356265 176.22652 157.356265 176.22652 
C 157.356265 176.22652 157.356265 176.22652 157.356265 176.22652 
z
" style="fill: #ffffff"/>
   </g>
   <g id="matplotlib.axis_1">
    <g id="xtick_1">
     <g id="line2d_1">
      <path d="M 157.356265 176.22652 
L 157.356265 283.78885 
" clip-path="url(#pc01c5337a5)" style="fill: none; stroke: #cccccc; stroke-linecap: round"/>
     </g>
     <g id="text_1">
      <text style="fill: #262626; font: 8px 'Arial', 'DejaVu Sans', 'Liberation Sans', 'Bitstream Vera Sans', sans-serif; text-anchor: middle" x="157.356265" y="318.856975" transform="rotate(-0 157.356265 318.856975)">Endo.</text>
     </g>
    </g>
    <g id="xtick_2">
     <g id="line2d_2">
      <path d="M 157.356265 176.22652 
L 73.260648 243.290536 
" clip-path="url(#pc01c5337a5)" style="fill: none; stroke: #cccccc; stroke-linecap: round"/>
     </g>
     <g id="text_2">
      <text style="fill: #262626; font: 8px 'Arial', 'DejaVu Sans', 'Liberation Sans', 'Bitstream Vera Sans', sans-serif" transform="translate(39.680834 261.703074)">Exc.</text>
      <text style="fill: #262626; font: 8px 'Arial', 'DejaVu Sans', 'Liberation Sans', 'Bitstream Vera Sans', sans-serif" transform="translate(34.342084 270.164574)">Neuron</text>
     </g>
    </g>
    <g id="xtick_3">
     <g id="line2d_3">
      <path d="M 157.356265 176.22652 
L 52.490746 152.291649 
" clip-path="url(#pc01c5337a5)" style="fill: none; stroke: #cccccc; stroke-linecap: round"/>
     </g>
     <g id="text_3">
      <text style="fill: #262626; font: 8px 'Arial', 'DejaVu Sans', 'Liberation Sans', 'Bitstream Vera Sans', sans-serif" transform="translate(13.646875 142.785834)">Inh.</text>
      <text style="fill: #262626; font: 8px 'Arial', 'DejaVu Sans', 'Liberation Sans', 'Bitstream Vera Sans', sans-serif" transform="translate(7.2 151.247334)">Neuron</text>
     </g>
    </g>
    <g id="xtick_4">
     <g id="line2d_4">
      <path d="M 157.356265 176.22652 
L 110.686718 79.316208 
" clip-path="url(#pc01c5337a5)" style="fill: none; stroke: #cccccc; stroke-linecap: round"/>
     </g>
     <g id="text_4">
      <text style="fill: #262626; font: 8px 'Arial', 'DejaVu Sans', 'Liberation Sans', 'Bitstream Vera Sans', sans-serif; text-anchor: middle" x="96.368555" y="51.605486" transform="rotate(-0 96.368555 51.605486)">Microglia</text>
     </g>
    </g>
    <g id="xtick_5">
     <g id="line2d_5">
      <path d="M 157.356265 176.22652 
L 204.025811 79.316208 
" clip-path="url(#pc01c5337a5)" style="fill: none; stroke: #cccccc; stroke-linecap: round"/>
     </g>
     <g id="text_5">
      <text style="fill: #262626; font: 8px 'Arial', 'DejaVu Sans', 'Liberation Sans', 'Bitstream Vera Sans', sans-serif; text-anchor: middle" x="218.343974" y="51.605486" transform="rotate(-0 218.343974 51.605486)">Astrocyte</text>
     </g>
    </g>
    <g id="xtick_6">
     <g id="line2d_6">
      <path d="M 157.356265 176.22652 
L 262.221783 152.291649 
" clip-path="url(#pc01c5337a5)" style="fill: none; stroke: #cccccc; stroke-linecap: round"/>
     </g>
     <g id="text_6">
      <text style="fill: #262626; font: 8px 'Arial', 'DejaVu Sans', 'Liberation Sans', 'Bitstream Vera Sans', sans-serif; text-anchor: middle" x="294.394404" y="147.016584" transform="rotate(-0 294.394404 147.016584)">OPC</text>
     </g>
    </g>
    <g id="xtick_7">
     <g id="line2d_7">
      <path d="M 157.356265 176.22652 
L 241.451881 243.290536 
" clip-path="url(#pc01c5337a5)" style="fill: none; stroke: #cccccc; stroke-linecap: round"/>
     </g>
     <g id="text_7">
      <text style="fill: #262626; font: 8px 'Arial', 'DejaVu Sans', 'Liberation Sans', 'Bitstream Vera Sans', sans-serif; text-anchor: middle" x="267.25232" y="265.938199" transform="rotate(-0 267.25232 265.938199)">Oligo.</text>
     </g>
    </g>
   </g>
   <g id="matplotlib.axis_2">
    <g id="ytick_1">
     <g id="line2d_8">
      <path d="M 157.356265 196.714583 
C 154.665797 196.714583 152.00149 196.184619 149.515822 195.155022 
C 147.030154 194.125424 144.771464 192.616216 142.869016 190.713768 
C 140.966568 188.81132 139.45736 186.55263 138.427763 184.066962 
C 137.398165 181.581294 136.868202 178.916987 136.868202 176.22652 
C 136.868202 173.536052 137.398165 170.871746 138.427763 168.386077 
C 139.45736 165.900409 140.966568 163.641719 142.869016 161.739271 
C 144.771464 159.836823 147.030154 158.327615 149.515822 157.298018 
C 152.00149 156.26842 154.665797 155.738457 157.356265 155.738457 
C 160.046732 155.738457 162.711039 156.26842 165.196707 157.298018 
C 167.682375 158.327615 169.941065 159.836823 171.843513 161.739271 
C 173.745961 163.641719 175.255169 165.900409 176.284767 168.386077 
C 177.314364 170.871746 177.844328 173.536052 177.844328 176.22652 
C 177.844328 178.916987 177.314364 181.581294 176.284767 184.066962 
C 175.255169 186.55263 173.745961 188.81132 171.843513 190.713768 
C 169.941065 192.616216 167.682375 194.125424 165.196707 195.155022 
C 162.711039 196.184619 160.046732 196.714583 157.356265 196.714583 
" clip-path="url(#pc01c5337a5)" style="fill: none; stroke: #cccccc; stroke-linecap: round"/>
     </g>
     <g id="text_8">
      <text style="fill: #262626; font: 7px 'Arial', 'DejaVu Sans', 'Liberation Sans', 'Bitstream Vera Sans', sans-serif; text-anchor: start" x="171.843513" y="160.348021" transform="rotate(-0 171.843513 160.348021)">0.2</text>
     </g>
    </g>
    <g id="ytick_2">
     <g id="line2d_9">
      <path d="M 157.356265 217.202646 
C 151.975329 217.202646 146.646716 216.142719 141.67538 214.083524 
C 136.704044 212.024329 132.186664 209.005912 128.381768 205.201016 
C 124.576872 201.39612 121.558455 196.87874 119.49926 191.907404 
C 117.440066 186.936068 116.380139 181.607455 116.380139 176.22652 
C 116.380139 170.845584 117.440066 165.516971 119.49926 160.545635 
C 121.558455 155.574299 124.576872 151.056919 128.381768 147.252023 
C 132.186664 143.447127 136.704044 140.42871 141.67538 138.369516 
C 146.646716 136.310321 151.975329 135.250394 157.356265 135.250394 
C 162.7372 135.250394 168.065813 136.310321 173.037149 138.369516 
C 178.008485 140.42871 182.525865 143.447127 186.330761 147.252023 
C 190.135657 151.056919 193.154074 155.574299 195.213269 160.545635 
C 197.272464 165.516971 198.332391 170.845584 198.332391 176.22652 
C 198.332391 181.607455 197.272464 186.936068 195.213269 191.907404 
C 193.154074 196.87874 190.135657 201.39612 186.330761 205.201016 
C 182.525865 209.005912 178.008485 212.024329 173.037149 214.083524 
C 168.065813 216.142719 162.7372 217.202646 157.356265 217.202646 
" clip-path="url(#pc01c5337a5)" style="fill: none; stroke: #cccccc; stroke-linecap: round"/>
     </g>
     <g id="text_9">
      <text style="fill: #262626; font: 7px 'Arial', 'DejaVu Sans', 'Liberation Sans', 'Bitstream Vera Sans', sans-serif; text-anchor: start" x="186.330761" y="145.860773" transform="rotate(-0 186.330761 145.860773)">0.4</text>
     </g>
    </g>
    <g id="ytick_3">
     <g id="line2d_10">
      <path d="M 157.356265 237.690709 
C 149.284861 237.690709 141.291942 236.100818 133.834938 233.012026 
C 126.377933 229.923234 119.601864 225.395609 113.89452 219.688265 
C 108.187176 213.98092 103.659551 207.204851 100.570758 199.747846 
C 97.481966 192.290842 95.892076 184.297923 95.892076 176.22652 
C 95.892076 168.155116 97.481966 160.162197 100.570758 152.705193 
C 103.659551 145.248189 108.187176 138.472119 113.89452 132.764775 
C 119.601864 127.057431 126.377933 122.529806 133.834938 119.441014 
C 141.291942 116.352221 149.284861 114.762331 157.356265 114.762331 
C 165.427668 114.762331 173.420587 116.352221 180.877591 119.441014 
C 188.334596 122.529806 195.110665 127.057431 200.818009 132.764775 
C 206.525353 138.472119 211.052978 145.248189 214.141771 152.705193 
C 217.230563 160.162197 218.820454 168.155116 218.820454 176.22652 
C 218.820454 184.297923 217.230563 192.290842 214.141771 199.747846 
C 211.052978 207.204851 206.525353 213.98092 200.818009 219.688265 
C 195.110665 225.395609 188.334596 229.923234 180.877591 233.012026 
C 173.420587 236.100818 165.427668 237.690709 157.356265 237.690709 
" clip-path="url(#pc01c5337a5)" style="fill: none; stroke: #cccccc; stroke-linecap: round"/>
     </g>
     <g id="text_10">
      <text style="fill: #262626; font: 7px 'Arial', 'DejaVu Sans', 'Liberation Sans', 'Bitstream Vera Sans', sans-serif; text-anchor: start" x="200.818009" y="131.373525" transform="rotate(-0 200.818009 131.373525)">0.6</text>
     </g>
    </g>
    <g id="ytick_4">
     <g id="line2d_11">
      <path d="M 157.356265 258.178772 
C 146.594393 258.178772 135.937168 256.058918 125.994496 251.940528 
C 116.051823 247.822138 107.017064 241.785305 99.407272 234.175513 
C 91.797479 226.565721 85.760646 217.530961 81.642256 207.588289 
C 77.523867 197.645616 75.404013 186.988391 75.404013 176.22652 
C 75.404013 165.464649 77.523867 154.807423 81.642256 144.864751 
C 85.760646 134.922078 91.797479 125.887319 99.407272 118.277527 
C 107.017064 110.667735 116.051823 104.630901 125.994496 100.512511 
C 135.937168 96.394122 146.594393 94.274268 157.356265 94.274268 
C 168.118136 94.274268 178.775361 96.394122 188.718034 100.512511 
C 198.660706 104.630901 207.695466 110.667735 215.305258 118.277527 
C 222.91505 125.887319 228.951883 134.922078 233.070273 144.864751 
C 237.188663 154.807423 239.308517 165.464649 239.308517 176.22652 
C 239.308517 186.988391 237.188663 197.645616 233.070273 207.588289 
C 228.951883 217.530961 222.91505 226.565721 215.305258 234.175513 
C 207.695466 241.785305 198.660706 247.822138 188.718034 251.940528 
C 178.775361 256.058918 168.118136 258.178772 157.356265 258.178772 
" clip-path="url(#pc01c5337a5)" style="fill: none; stroke: #cccccc; stroke-linecap: round"/>
     </g>
     <g id="text_11">
      <text style="fill: #262626; font: 7px 'Arial', 'DejaVu Sans', 'Liberation Sans', 'Bitstream Vera Sans', sans-serif; text-anchor: start" x="215.305258" y="116.886277" transform="rotate(-0 215.305258 116.886277)">0.8</text>
     </g>
    </g>
    <g id="ytick_5">
     <g id="line2d_12">
      <path d="M 157.356265 278.666835 
C 143.903926 278.666835 130.582394 276.017017 118.154053 270.86903 
C 105.725713 265.721043 94.432263 258.175001 84.920023 248.662761 
C 75.407783 239.150521 67.861742 227.857072 62.713754 215.428731 
C 57.565767 203.00039 54.91595 189.678859 54.91595 176.22652 
C 54.91595 162.774181 57.565767 149.452649 62.713754 137.024308 
C 67.861742 124.595968 75.407783 113.302518 84.920023 103.790278 
C 94.432263 94.278038 105.725713 86.731997 118.154053 81.584009 
C 130.582394 76.436022 143.903926 73.786205 157.356265 73.786205 
C 170.808604 73.786205 184.130135 76.436022 196.558476 81.584009 
C 208.986817 86.731997 220.280266 94.278038 229.792506 103.790278 
C 239.304746 113.302518 246.850788 124.595968 251.998775 137.024308 
C 257.146762 149.452649 259.79658 162.774181 259.79658 176.22652 
C 259.79658 189.678859 257.146762 203.00039 251.998775 215.428731 
C 246.850788 227.857072 239.304746 239.150521 229.792506 248.662761 
C 220.280266 258.175001 208.986817 265.721043 196.558476 270.86903 
C 184.130135 276.017017 170.808604 278.666835 157.356265 278.666835 
" clip-path="url(#pc01c5337a5)" style="fill: none; stroke: #cccccc; stroke-linecap: round"/>
     </g>
     <g id="text_12">
      <text style="fill: #262626; font: 7px 'Arial', 'DejaVu Sans', 'Liberation Sans', 'Bitstream Vera Sans', sans-serif; text-anchor: start" x="229.792506" y="102.399028" transform="rotate(-0 229.792506 102.399028)">1.0</text>
     </g>
    </g>
   </g>
   <g id="patch_3">
    <path d="M 157.356265 176.22652 
C 157.356265 176.22652 157.356265 176.22652 157.356265 176.22652 
C 157.356265 176.22652 157.356265 176.22652 157.356265 176.22652 
L 157.356265 176.22652 
C 157.356265 176.22652 157.356265 176.22652 157.356265 176.22652 
C 157.356265 176.22652 157.356265 176.22652 157.356265 176.22652 
z
" clip-path="url(#pc01c5337a5)" style="fill: #e41a1c; fill-opacity: 0.55; stroke: #e41a1c; stroke-linejoin: miter"/>
   </g>
   <g id="patch_4">
    <path d="M 157.356265 176.22652 
C 157.356265 176.22652 157.356265 176.22652 157.356265 176.22652 
C 157.356265 176.22652 157.356265 176.22652 157.356265 176.22652 
L 75.115594 220.431174 
C 77.769662 225.368942 80.863045 230.057666 84.35824 234.440502 
C 87.853435 238.823338 91.73626 242.882502 95.959643 246.568784 
z
" clip-path="url(#pc01c5337a5)" style="fill: #e41a1c; fill-opacity: 0.55; stroke: #e41a1c; stroke-linejoin: miter"/>
   </g>
   <g id="patch_5">
    <path d="M 157.356265 176.22652 
C 157.356265 176.22652 157.356265 176.22652 157.356265 176.22652 
C 157.356265 176.22652 157.356265 176.22652 157.356265 176.22652 
L 118.608136 159.642754 
C 117.612439 161.96921 116.828284 164.380619 116.265178 166.847747 
C 115.702072 169.314875 115.3623 171.827712 115.24998 174.355793 
z
" clip-path="url(#pc01c5337a5)" style="fill: #e41a1c; fill-opacity: 0.55; stroke: #e41a1c; stroke-linejoin: miter"/>
   </g>
   <g id="patch_6">
    <path d="M 157.356265 176.22652 
C 157.356265 176.22652 157.356265 176.22652 157.356265 176.22652 
C 157.356265 176.22652 157.356265 176.22652 157.356265 176.22652 
L 157.356265 176.22652 
C 157.356265 176.22652 157.356265 176.22652 157.356265 176.22652 
C 157.356265 176.22652 157.356265 176.22652 157.356265 176.22652 
z
" clip-path="url(#pc01c5337a5)" style="fill: #e41a1c; fill-opacity: 0.55; stroke: #e41a1c; stroke-linejoin: miter"/>
   </g>
   <g id="patch_7">
    <path d="M 157.356265 176.22652 
C 157.356265 176.22652 157.356265 176.22652 157.356265 176.22652 
C 157.356265 176.22652 157.356265 176.22652 157.356265 176.22652 
L 157.356265 176.22652 
C 157.356265 176.22652 157.356265 176.22652 157.356265 176.22652 
C 157.356265 176.22652 157.356265 176.22652 157.356265 176.22652 
z
" clip-path="url(#pc01c5337a5)" style="fill: #e41a1c; fill-opacity: 0.55; stroke: #e41a1c; stroke-linejoin: miter"/>
   </g>
   <g id="patch_8">
    <path d="M 157.356265 176.22652 
C 157.356265 176.22652 157.356265 176.22652 157.356265 176.22652 
C 157.356265 176.22652 157.356265 176.22652 157.356265 176.22652 
L 157.356265 176.22652 
C 157.356265 176.22652 157.356265 176.22652 157.356265 176.22652 
C 157.356265 176.22652 157.356265 176.22652 157.356265 176.22652 
z
" clip-path="url(#pc01c5337a5)" style="fill: #e41a1c; fill-opacity: 0.55; stroke: #e41a1c; stroke-linejoin: miter"/>
   </g>
   <g id="patch_9">
    <path d="M 157.356265 176.22652 
C 157.356265 176.22652 157.356265 176.22652 157.356265 176.22652 
C 157.356265 176.22652 157.356265 176.22652 157.356265 176.22652 
L 157.356265 176.22652 
C 157.356265 176.22652 157.356265 176.22652 157.356265 176.22652 
C 157.356265 176.22652 157.356265 176.22652 157.356265 176.22652 
z
" clip-path="url(#pc01c5337a5)" style="fill: #e41a1c; fill-opacity: 0.55; stroke: #e41a1c; stroke-linejoin: miter"/>
   </g>
   <g id="patch_10">
    <path d="M 157.356265 176.22652 
C 157.356265 176.22652 157.356265 176.22652 157.356265 176.22652 
C 157.356265 176.22652 157.356265 176.22652 157.356265 176.22652 
L 157.356265 176.22652 
C 157.356265 176.22652 157.356265 176.22652 157.356265 176.22652 
C 157.356265 176.22652 157.356265 176.22652 157.356265 176.22652 
z
" clip-path="url(#pc01c5337a5)" style="fill: #2065d6; fill-opacity: 0.55; stroke: #2065d6; stroke-linejoin: miter"/>
   </g>
   <g id="patch_11">
    <path d="M 157.356265 176.22652 
C 157.356265 176.22652 157.356265 176.22652 157.356265 176.22652 
C 157.356265 176.22652 157.356265 176.22652 157.356265 176.22652 
L 157.356265 176.22652 
C 157.356265 176.22652 157.356265 176.22652 157.356265 176.22652 
C 157.356265 176.22652 157.356265 176.22652 157.356265 176.22652 
z
" clip-path="url(#pc01c5337a5)" style="fill: #2065d6; fill-opacity: 0.55; stroke: #2065d6; stroke-linejoin: miter"/>
   </g>
   <g id="patch_12">
    <path d="M 157.356265 176.22652 
C 157.356265 176.22652 157.356265 176.22652 157.356265 176.22652 
C 157.356265 176.22652 157.356265 176.22652 157.356265 176.22652 
L 157.356265 176.22652 
C 157.356265 176.22652 157.356265 176.22652 157.356265 176.22652 
C 157.356265 176.22652 157.356265 176.22652 157.356265 176.22652 
z
" clip-path="url(#pc01c5337a5)" style="fill: #2065d6; fill-opacity: 0.55; stroke: #2065d6; stroke-linejoin: miter"/>
   </g>
   <g id="patch_13">
    <path d="M 157.356265 176.22652 
C 157.356265 176.22652 157.356265 176.22652 157.356265 176.22652 
C 157.356265 176.22652 157.356265 176.22652 157.356265 176.22652 
L 157.356265 176.22652 
C 157.356265 176.22652 157.356265 176.22652 157.356265 176.22652 
C 157.356265 176.22652 157.356265 176.22652 157.356265 176.22652 
z
" clip-path="url(#pc01c5337a5)" style="fill: #2065d6; fill-opacity: 0.55; stroke: #2065d6; stroke-linejoin: miter"/>
   </g>
   <g id="patch_14">
    <path d="M 157.356265 176.22652 
C 157.356265 176.22652 157.356265 176.22652 157.356265 176.22652 
C 157.356265 176.22652 157.356265 176.22652 157.356265 176.22652 
L 160.66808 171.672799 
C 160.394673 171.473956 160.103912 171.300139 159.799323 171.153457 
C 159.494734 171.006775 159.177552 170.887821 158.851624 170.798039 
z
" clip-path="url(#pc01c5337a5)" style="fill: #2065d6; fill-opacity: 0.55; stroke: #2065d6; stroke-linejoin: miter"/>
   </g>
   <g id="patch_15">
    <path d="M 157.356265 176.22652 
C 157.356265 176.22652 157.356265 176.22652 157.356265 176.22652 
C 157.356265 176.22652 157.356265 176.22652 157.356265 176.22652 
L 157.356265 176.22652 
C 157.356265 176.22652 157.356265 176.22652 157.356265 176.22652 
C 157.356265 176.22652 157.356265 176.22652 157.356265 176.22652 
z
" clip-path="url(#pc01c5337a5)" style="fill: #2065d6; fill-opacity: 0.55; stroke: #2065d6; stroke-linejoin: miter"/>
   </g>
   <g id="patch_16">
    <path d="M 157.356265 176.22652 
C 157.356265 176.22652 157.356265 176.22652 157.356265 176.22652 
C 157.356265 176.22652 157.356265 176.22652 157.356265 176.22652 
L 224.594864 253.261953 
C 229.220108 249.224915 233.472389 244.779516 237.300157 239.979647 
C 241.127925 235.179778 244.515648 230.044915 247.422254 224.637311 
z
" clip-path="url(#pc01c5337a5)" style="fill: #2065d6; fill-opacity: 0.55; stroke: #2065d6; stroke-linejoin: miter"/>
   </g>
   <g id="patch_17">
    <path d="M 157.356265 176.22652 
C 157.356265 176.22652 157.356265 176.22652 157.356265 176.22652 
C 157.356265 176.22652 157.356265 176.22652 157.356265 176.22652 
L 140.640635 268.086016 
C 146.155923 269.08963 151.750407 269.594498 157.356265 269.594498 
C 162.962122 269.594498 168.556606 269.08963 174.071894 268.086016 
z
" clip-path="url(#pc01c5337a5)" style="fill: #882e72; fill-opacity: 0.55; stroke: #882e72; stroke-linejoin: miter"/>
   </g>
   <g id="patch_18">
    <path d="M 157.356265 176.22652 
C 157.356265 176.22652 157.356265 176.22652 157.356265 176.22652 
C 157.356265 176.22652 157.356265 176.22652 157.356265 176.22652 
L 157.356265 176.22652 
C 157.356265 176.22652 157.356265 176.22652 157.356265 176.22652 
C 157.356265 176.22652 157.356265 176.22652 157.356265 176.22652 
z
" clip-path="url(#pc01c5337a5)" style="fill: #882e72; fill-opacity: 0.55; stroke: #882e72; stroke-linejoin: miter"/>
   </g>
   <g id="patch_19">
    <path d="M 157.356265 176.22652 
C 157.356265 176.22652 157.356265 176.22652 157.356265 176.22652 
C 157.356265 176.22652 157.356265 176.22652 157.356265 176.22652 
L 119.862946 156.973213 
C 118.706968 159.22433 117.756073 161.574987 117.021788 163.996688 
C 116.287503 166.418389 115.772808 168.901307 115.483943 171.415341 
z
" clip-path="url(#pc01c5337a5)" style="fill: #882e72; fill-opacity: 0.55; stroke: #882e72; stroke-linejoin: miter"/>
   </g>
   <g id="patch_20">
    <path d="M 157.356265 176.22652 
C 157.356265 176.22652 157.356265 176.22652 157.356265 176.22652 
C 157.356265 176.22652 157.356265 176.22652 157.356265 176.22652 
L 157.356265 176.22652 
C 157.356265 176.22652 157.356265 176.22652 157.356265 176.22652 
C 157.356265 176.22652 157.356265 176.22652 157.356265 176.22652 
z
" clip-path="url(#pc01c5337a5)" style="fill: #882e72; fill-opacity: 0.55; stroke: #882e72; stroke-linejoin: miter"/>
   </g>
   <g id="patch_21">
    <path d="M 157.356265 176.22652 
C 157.356265 176.22652 157.356265 176.22652 157.356265 176.22652 
C 157.356265 176.22652 157.356265 176.22652 157.356265 176.22652 
L 157.356265 176.22652 
C 157.356265 176.22652 157.356265 176.22652 157.356265 176.22652 
C 157.356265 176.22652 157.356265 176.22652 157.356265 176.22652 
z
" clip-path="url(#pc01c5337a5)" style="fill: #882e72; fill-opacity: 0.55; stroke: #882e72; stroke-linejoin: miter"/>
   </g>
   <g id="patch_22">
    <path d="M 157.356265 176.22652 
C 157.356265 176.22652 157.356265 176.22652 157.356265 176.22652 
C 157.356265 176.22652 157.356265 176.22652 157.356265 176.22652 
L 157.356265 176.22652 
C 157.356265 176.22652 157.356265 176.22652 157.356265 176.22652 
C 157.356265 176.22652 157.356265 176.22652 157.356265 176.22652 
z
" clip-path="url(#pc01c5337a5)" style="fill: #882e72; fill-opacity: 0.55; stroke: #882e72; stroke-linejoin: miter"/>
   </g>
   <g id="patch_23">
    <path d="M 157.356265 176.22652 
C 157.356265 176.22652 157.356265 176.22652 157.356265 176.22652 
C 157.356265 176.22652 157.356265 176.22652 157.356265 176.22652 
L 157.356265 176.22652 
C 157.356265 176.22652 157.356265 176.22652 157.356265 176.22652 
C 157.356265 176.22652 157.356265 176.22652 157.356265 176.22652 
z
" clip-path="url(#pc01c5337a5)" style="fill: #882e72; fill-opacity: 0.55; stroke: #882e72; stroke-linejoin: miter"/>
   </g>
   <g id="patch_24">
    <path d="M 157.356265 283.78885 
C 171.48122 283.78885 185.468829 281.006542 198.518587 275.601155 
C 211.568344 270.195769 223.426466 262.272425 233.414318 252.284573 
C 243.40217 242.296721 251.325514 230.438599 256.7309 217.388842 
C 262.136287 204.339084 264.918595 190.351476 264.918595 176.22652 
C 264.918595 162.101564 262.136287 148.113955 256.7309 135.064198 
C 251.325514 122.01444 243.40217 110.156318 233.414318 100.168466 
C 223.426466 90.180614 211.568344 82.25727 198.518587 76.851884 
C 185.468829 71.446497 171.48122 68.664189 157.356265 68.664189 
C 143.231309 68.664189 129.2437 71.446497 116.193943 76.851884 
C 103.144185 82.25727 91.286063 90.180614 81.298211 100.168466 
C 71.310359 110.156318 63.387015 122.01444 57.981629 135.064198 
C 52.576242 148.113955 49.793934 162.101564 49.793934 176.22652 
C 49.793934 190.351476 52.576242 204.339084 57.981629 217.388842 
C 63.387015 230.438599 71.310359 242.296721 81.298211 252.284573 
C 91.286063 262.272425 103.144185 270.195769 116.193943 275.601155 
C 129.2437 281.006542 143.231309 283.78885 157.356265 283.78885 
" style="fill: none; stroke: #262626; stroke-width: 1.25; stroke-linejoin: miter; stroke-linecap: square"/>
   </g>
   <g id="legend_1">
    <g id="text_13">
     <text style="fill: #262626; font: 8px 'Arial', 'DejaVu Sans', 'Liberation Sans', 'Bitstream Vera Sans', sans-serif; text-anchor: start" x="337.052203" y="35.668" transform="rotate(-0 337.052203 35.668)">MCN</text>
    </g>
    <g id="patch_25">
     <path d="M 337.052203 48.418 
L 345.052203 48.418 
L 345.052203 41.258 
L 337.052203 41.258 
z
" style="fill: #e41a1c; fill-opacity: 0.55; stroke: #e41a1c; stroke-linejoin: miter"/>
    </g>
    <g id="text_14">
     <text style="fill: #262626; font: 8px 'Arial', 'DejaVu Sans', 'Liberation Sans', 'Bitstream Vera Sans', sans-serif; text-anchor: start" x="347.452203" y="47.578" transform="rotate(-0 347.452203 47.578)">1</text>
    </g>
    <g id="patch_26">
     <path d="M 337.052203 60.328 
L 345.052203 60.328 
L 345.052203 53.168 
L 337.052203 53.168 
z
" style="fill: #2065d6; fill-opacity: 0.55; stroke: #2065d6; stroke-linejoin: miter"/>
    </g>
    <g id="text_15">
     <text style="fill: #262626; font: 8px 'Arial', 'DejaVu Sans', 'Liberation Sans', 'Bitstream Vera Sans', sans-serif; text-anchor: start" x="347.452203" y="59.488" transform="rotate(-0 347.452203 59.488)">2</text>
    </g>
    <g id="patch_27">
     <path d="M 337.052203 72.238 
L 345.052203 72.238 
L 345.052203 65.078 
L 337.052203 65.078 
z
" style="fill: #882e72; fill-opacity: 0.55; stroke: #882e72; stroke-linejoin: miter"/>
    </g>
    <g id="text_16">
     <text style="fill: #262626; font: 8px 'Arial', 'DejaVu Sans', 'Liberation Sans', 'Bitstream Vera Sans', sans-serif; text-anchor: start" x="347.452203" y="71.398" transform="rotate(-0 347.452203 71.398)">3</text>
    </g>
   </g>
  </g>
  <g id="text_17">
   <text style="fill: #262626; font: 10px 'Arial', 'DejaVu Sans', 'Liberation Sans', 'Bitstream Vera Sans', sans-serif; text-anchor: middle" x="153.863981" y="14.485937" transform="rotate(-0 153.863981 14.485937)">Shared Oligodendrocyte MCNs</text>
  </g>
 </g>
 <defs>
  <clipPath id="pc01c5337a5">
   <path d="M 264.918595 176.22652 
C 264.918595 162.101564 262.136287 148.113955 256.7309 135.064198 
C 251.325514 122.01444 243.40217 110.156318 233.414318 100.168466 
C 223.426466 90.180614 211.568344 82.25727 198.518587 76.851884 
C 185.468829 71.446497 171.48122 68.664189 157.356265 68.664189 
C 143.231309 68.664189 129.2437 71.446497 116.193943 76.851884 
C 103.144185 82.25727 91.286063 90.180614 81.298211 100.168466 
C 71.310359 110.156318 63.387015 122.01444 57.981629 135.064198 
C 52.576242 148.113955 49.793934 162.101564 49.793934 176.22652 
C 49.793934 190.351476 52.576242 204.339084 57.981629 217.388842 
C 63.387015 230.438599 71.310359 242.296721 81.298211 252.284573 
C 91.286063 262.272425 103.144185 270.195769 116.193943 275.601155 
C 129.2437 281.006542 143.231309 283.78885 157.356265 283.78885 
C 171.48122 283.78885 185.468829 281.006542 198.518587 275.601155 
C 211.568344 270.195769 223.426466 262.272425 233.414318 252.284573 
C 243.40217 242.296721 251.325514 230.438599 256.7309 217.388842 
C 262.136287 204.339084 264.918595 190.351476 264.918595 176.22652 
M 157.356265 176.22652 
C 157.356265 176.22652 157.356265 176.22652 157.356265 176.22652 
C 157.356265 176.22652 157.356265 176.22652 157.356265 176.22652 
C 157.356265 176.22652 157.356265 176.22652 157.356265 176.22652 
C 157.356265 176.22652 157.356265 176.22652 157.356265 176.22652 
C 157.356265 176.22652 157.356265 176.22652 157.356265 176.22652 
C 157.356265 176.22652 157.356265 176.22652 157.356265 176.22652 
C 157.356265 176.22652 157.356265 176.22652 157.356265 176.22652 
C 157.356265 176.22652 157.356265 176.22652 157.356265 176.22652 
C 157.356265 176.22652 157.356265 176.22652 157.356265 176.22652 
C 157.356265 176.22652 157.356265 176.22652 157.356265 176.22652 
C 157.356265 176.22652 157.356265 176.22652 157.356265 176.22652 
C 157.356265 176.22652 157.356265 176.22652 157.356265 176.22652 
C 157.356265 176.22652 157.356265 176.22652 157.356265 176.22652 
C 157.356265 176.22652 157.356265 176.22652 157.356265 176.22652 
C 157.356265 176.22652 157.356265 176.22652 157.356265 176.22652 
C 157.356265 176.22652 157.356265 176.22652 157.356265 176.22652 
z
"/>
  </clipPath>
 </defs>
</svg>
